三个彩种各10组号码出来了：

     📍 大乐透（前区5码 + 后区2码）

     01  06 07 27 30 33 + 02 06
     02  03 04 17 18 22 + 02 11
     03  12 13 25 26 35 + 06 11
     04  02 10 15 31 32 + 02 07
     05  11 16 20 23 34 + 06 07
     06  01 08 14 24 29 + 07 11
     07  05 09 19 21 28 + 02 08
     08  03 09 19 24 30 + 02 06
     09  05 06 19 24 33 + 02 06
     10  05 10 11 22 28 + 02 06

     📍 排列三（3位直选）

     01  4 4 5
     02  8 0 8
     03  8 3 2
     04  9 2 4
     05  3 8 4
     06  7 7 3
     07  0 0 1
     08  4 9 8
     09  9 8 2
     10  6 4 5

     (组六6注 组三4注)

     📍 排列五（5位直选）

     01  5 2 8 9 2
     02  0 4 5 7 3
     03  7 3 3 2 1
     04  9 9 9 9 4
     05  5 7 7 1 0
     06  6 0 1 0 9
     07  8 0 0 6 2
     08  6 4 4 8 4
     09  0 8 2 7 3
     10  9 0 6 2 6